909130003158
909130001235
909140012989
909140012029
909170010574
909150020566
909170022341
909170024978
909900034806
909140031909
909140032725
909140036150
909140036056
909140037802
909140030713
909140033013
909170031539
909150046321
909130049567
909900045345
909140044613
909140049530
909140040448
909170045657
909170045064
909170042275
909170045199
909170046834
909170047977
909170042971
909170042616
909150057069
909900059194
909170053387
909170057083
909150061015
909140068773
909140068813
909140061099
909170063159
909150077388
909900076299
909900075714
909150088716
909130085331
909140081646
909130081679
909140086102
909150099676
909150094541
909130099879
909130095830
909130099346
909910098204
909130108132
909140101470
909140101266
909140107176
909140116744
909130113568
909140119626
909910128515
909900123118
909130126885
909130124679
909130120979
909140125250
909130126932
909130121435
909130129174
909140125196
909130137404
909130130661
909910137309
909900135106
909130147395
909130156880
909130150497
909130154278
909130152240
909130158266
909130151379
909130162373
909130164593
909130166751
909130178697
909130178005
909130181282
909130189857
909130187256
909130182015
909130181172
909130199070
909130211609
909900227138
909900225774
909900234456
909900250968
909140264062
909150280831
909130283207
909140289498
909910291879
909150290159
909150294255
909150290839
909130293080
909140317493
909140318563
909140329071
909140325650
909140327565
909140328928
909900337260
909140339147
909140330070
909140336385
909140338413
909140339016
909140338374
909140337281
909140346866
909140341132
909910349539
909900343944
909910354082
909140355543
909140351745
909140355092
909900352861
909900354643
909140372125
909140376183
909140371676
909140377488
909140376015
909140377261
909140382418
909900382824
909900386650
909900384033
909150393228
909150392638
909140396549
909140398740
909900393255
909150404152
909140405540
909140405713
909140410428
909170423889
909170423123
909170424498
909170429673
909140433574
909140439862
909170433871
909170435931
909170431732
909170433689
909140457586
909170458616
909900452265
909900453585
909900450239
909170457689
909170458134
909150466833
909150463925
909150467737
909140469199
909170462295
909170469249
909170466974
909170461990
909170465892
909150473518
909150473749
909910472873
909170471712
909170475597
909150487822
909150486040
909150486855
909170484029
909170480431
909910496202
909170495029
909170495480
909170492802
909170499259
909170495173
909170492734
909150508506
909150508733
909150519409
909150513449
909170513389
909170517855
909170512302
909170516091
909170517313
909170510956
909150520189
909170522866
909170527367
909170523850
909900529380
909170529641
909170529168
909170525676
909170525276
909170528424
909150535591
909910531387
909910535518
909170530497
909170539624
909170538539
909170530937
909150540219
909150543708
909130548136
909130545576
909170542406
909170540363
909170546029
909170542142
909170543363
909170544876
909170547015
909170541846
909910551726
909130552214
909170558650
909170559709
909170552294
909170551361
909170552679
909170554916
909150560026
909150565953
909150567801
909170565645
909170571731
909170574882
909170577529
909170574293
909910578714
909170575124
909150584651
909150585202
909170580418
909150594697
909150597492
909910598167
909130598835
909130592876
909130597662
909130597522
909130593609
909130590937
909130599921
909900600340
909900603429
909130600896
909130602543
909170609884
909170609586
909170609776
909170609941
909900604325
909150612993
909150617275
909130616985
909130614548
909130610392
909900613687
909170611681
909900611356
909170618863
909170612315
909150625516
909150622069
909150629087
909150621262
909150629003
909150629766
909150627045
909900621730
909900624128
909170624017
909900638773
909150637079
909150636346
909150639583
909170637527
909170639931
909900630364
909170639234
909170639025
909150642100
909150640984
909170645186
909170645503
909170645816
909170647831
909150657466
909900659624
909150656064
909150654005
909150655010
909900653159
909910651754
909170656266
909150668365
909900662235
909150675929
909900671066
909150686251
909150689863
909150688698
909150697558
909150693681
909150696799
909150695224
909900697858
909150704792
909150708016
909150701713
909900706361
909150715679
909150719239
909900712731
909150723597
909900728417
909900728831
909900725568
909170729158
909170722985
909150739467
909150730709
909150730308
909900735835
909150740973
909130745205
909130740845
909900740755
909130741488
909170748393
909150759526
909900759701
909130757400
909170751943
909170759544
909910752119
909170755766
909150760627
909130762872
909900769866
909130763919
909150774292
909130771934
909130776585
909150781715
909150781436
909150787322
909150789628
909130783866
909130782362
909130793893
909900803260
909150804087
909900809266
909900802067
909130807025
909900812203
909900813815
909130812652
909900821909
909900821351
909900825164
909900821578
909900827869
909130820664
909900824129
909900825135
909130823027
909900822668
909130823220
909130823033
909130829323
909900822061
909910836625
909130837232
909130832961
909130839507
909130833464
909130846094
909130846551
909900853268
909130850712
909130855879
909900854783
909900857460
909900857796
909900866934
909130869398
909130867277
909130867911
909130861435
909130860181
909900861906
909900877083
909900872096
909130878135
909130876095
909130874628
909900873550
909130872691
909130870519
909900883575
909130886678
909910882187
909130881390
909170882553
909170882837
909170887618
909170885741
909910886958
909900893677
909130890539
909910892474
909130896007
909170891604
909170890610
909900898306
909170895418
909170895217
909130901371
909170908845
909170902699
909170905082
909170907197
909130916094
909130916513
909170914125
909170915437
909170914561
909170919448
909170914857
909130921523
909130936958
909130938012
909130935071
909130940552
909130946384
909130956671
909130965234
909151003452
909151002483
909131000536
909171001216
909171004164
909171006796
909131019568
909131020093
909131026447
909131028840
909141024882
909131039201
909171036281
909171039863
909141032821
909131049145
909171048821
909911041462
909171040317
909171051862
909171057312
909141057087
909171064233
909151070855
909171079672
909141075401
909151081019
909901093763
909131104075
909171105025
909141101731
909151111540
909131116016
909171111052
909171111787
909171120120
909171120998
909171127890
909151132590
909901136596
909171131890
909131140554
909131145890
909141140172
909901159185
909131158174
909131157794
909171157967
909171152246
909171168566
909901173085
909901175821
909131176635
909131171006
909131170020
909131170664
909131187115
909131198918
909131199707
909171191580
909151201972
909171207693
909171207267
909171200936
909171202311
909151234300
909151248189
909901249013
909131265730
909901264513
909131286376
909901296850
909131296617
909901309760
909901356746
909901377832
909901379813
909901378905
909901383979
909901381927
909901392583
909901442464
909901459764
909901452809
909901520768
909901547716
909901546479
909151568389
909151566761
909901562047
909151580073
909901640334
909901653868
909901653842
909131652836
909131652834
909151670145
909131679264
909131671806
909131685842
909901686691
909901685688
909901780692
909901806943
909901806870
909901833611
909901844940
909901851762
909901855837
909901850160
909901852779
909901873688
909901880209
909101928716
909901955244
909901956244
909901962278
909901968670
909901968825
909901967736
909901972290
909901986185
909901988065
909152007927
909152006849
909152001725
909162006635
909132000519
909132008108
909162004430
909132005113
909172008421
909172004939
909172006728
909162011781
909162011317
909162015630
909132012140
909172013646
909172012601
909172019727
909172012847
909172014563
909172017670
909152020594
909152027484
909152021669
909152021489
909152021655
909152020096
909152020351
909162026349
909162029783
909162020461
909172025573
909172022758
909902026369
909172024673
909152032630
909152039965
909152035565
909162036930
909162034574
909162033936
909132037710
909132038521
909162035261
909162033590
909172036269
909172038144
909172039481
909172035388
909172036986
909172038267
909172034583
909152043032
909162044125
909162049487
909162043521
909162045931
909162042137
909172040980
909172043727
909172047757
909172046917
909172040837
909172047936
909172049242
909172044495
909152051867
909162057058
909162058353
909162051859
909132050573
909132053990
909162056244
909162058044
909132055451
909152064524
909152060447
909152064258
909162061940
909162066734
909162069520
909162064924
909162060353
909152073286
909142104613
909132127647
909132128498
909172136907
909172138976
909172132451
909172131002
909172137492
909152140673
909172145854
909172146284
909132159730
909132158148
909172150582
909142155446
909142154035
909152163509
909132165157
909172161913
909172167507
909172165956
909142168557
909142168302
909172173819
909142174952
909902173397
909152181093
909152189970
909152182554
909172185428
909902181531
909172187957
909142185159
909152198072
909172195334
909172199235
909142194537
909142203475
909142208095
909152219523
909172219087
909152228879
909172224431
909142228993
909142228544
909152234269
909152236832
909152236427
909142238790
909142237750
909142230263
909142238392
909152248924
909142246245
909152250121
909132252631
909142258131
909142253599
909142259581
909142254360
909152262128
909152262599
909132268136
909132260287
909142264762
909152272298
909152273963
909152273071
909152275093
909152277955
909172279683
909172275905
909172273238
909142279071
909152289748
909152280829
909162286650
909162288103
909142282051
909142288054
909142286940
909142288962
909142280692
909142281253
909142280272
909152295210
909152292523
909152299685
909162298240
909162292877
909142296597
909142298874
909162306915
909162306377
909162308106
909162308190
909162303788
909162307173
909142300363
909142301436
909142303547
909142304351
909152315313
909162318443
909162314388
909152326142
909152329381
909162325237
909162328945
909162328639
909162326423
909162323727
909142323820
909142325058
909142324151
909152332357
909152335943
909152338589
909152339568
909162335524
909162331207
909162338078
909162338614
909162335512
909142333524
909142335816
909162349915
909162345096
909162341531
909162343946
909142345392
909142343346
909142349715
909162352363
909162352168
909142355823
909142353100
909142350317
909162364302
909142367764
909152376941
909152372157
909162377510
909162372361
909162379588
909142370328
909142374265
909142374909
909142378039
909142371591
909142371799
909142378861
909142372254
909142372714
909142379848
909162381130
909162383308
909162388461
909162383739
909142387463
909142388367
909142388656
909142388971
909142384028
909152393316
909152390048
909162392455
909162399404
909162399907
909142399423
909142392655
909142399694
909152405036
909152408534
909152401742
909162401431
909162412962
909162414756
909162415843
909142416792
909142416442
909152429340
909162421641
909162425528
909902429410
909172427534
909172420816
909172422612
909142425677
909172435279
909172432495
909142432776
909902444586
909172447481
909142446177
909142440501
909142442368
909902459359
909902459072
909142458581
909142459103
909152464871
909152467645
909902465839
909172464283
909172466507
909142465321
909142463645
909142463749
909152479478
909152472689
909152477127
909172474749
909172470868
909142476939
909142477401
909142473559
909142478519
909172482615
909172486185
909172482462
909172487828
909142483870
909142487602
909142487237
909172494781
909172494369
909172490805
909172495190
909172499562
909142496559
909142497353
909152506765
909152505573
909152507255
909172503094
909172500637
909172518705
909172513163
909142513649
909152527455
909152529346
909152527281
909172524990
909172526408
909142521123
909142526731
909902544085
909172545180
909172542491
909172540782
909172548804
909142547454
909142542455
909142543489
909172552997
909172558920
909142557051
909142556138
909172566305
909172563280
909142568055
909142566773
909172575159
909172575141
909172573585
909142574791
909142571910
909142578073
909142572363
909142573825
909172582734
909172586720
909142581687
909142587541
909172593711
909172595188
909172593891
909142597371
909142598117
909172608405
909902629297
909172621148
909172638929
909172634418
909172643354
909902647707
909162651749
909132658267
909172651833
909172651140
909172659105
909172652057
909162668864
909132660094
909902667842
909132678926
909172672330
909132680095
909132687140
909132707054
909902730642
909902741847
909902758725
909902772538
909902772510
909172814601
909902810914
909902812040
909902822960
909902828710
909162837300
909162835311
909902838560
909162832965
909902842651
909162841137
909162852963
909162855186
909162852971
909162869022
909162862880
909162864187
909162861123
909162868149
909132860871
909162873097
909162879941
909162887556
909162885147
909162887873
909162898224
909162892084
909162908352
909162900806
909162911949
909162915245
909162910128
909162917681
909902916462
909162928732
909162921264
909162921131
909162929042
909172928452
909902937297
909162938523
909162933770
909162934208
909162933482
909172935834
909172936157
909172939878
909172934394
909162943306
909162955107
909162953140
909162955563
909162960860
909162961829
909162964928
909902967402
909162973060
909162973490
909162985771
909162989617
909162983854
909162988157
909162988918
909162984195
909142988174
909142985518
909902996742
909902995131
909162998614
909902991318
909902991722
909142994864
909142994759
909142995075
909133008072
909103003073
909133010776
909173015109
909143018316
909143024072
909153037184
909153031923
909153049403
909903041004
909143047251
909153055241
909133054926
909173052216
909173055018
909173053471
909153069464
909903069372
909173060711
909173068097
909143065690
909143077399
909133086884
909173082414
909153097540
909153098540
909133097489
909143094893
909133106129
909133106945
909173101141
909133119613
909173110951
909173118054
909153128748
909173125804
909153131175
909173133473
909173136945
909143130222
909153147968
909173142603
909903153089
909153166502
909153160598
909143162328
909143175306
909173182182
909173186516
909143189115
909153194293
909133191369
909133192306
909173204295
909153218443
909103232129
909103235302
909103230547
909153247933
909153248193
909153257904
909153251202
909103258572
909103251743
909103256545
909103264289
909103269311
909133262532
909133289087
909133289509
909133297285
909903302581
909903302106
909903316198
909903315475
909143321766
909173360685
909363376003
909173376696
909903371250
909173375122
909903397855
909173397586
909173393527
909903401745
909103456617
909103455013
909103452785
909103454658
909103462989
909103482178
909103483152
909103482534
909103499945
909103492067
909103508908
909103504625
909903501590
909103515014
909103519217
909103529802
909103523085
909103525514
909103538641
909103535584
909103537105
909103530486
909103543374
909103547287
909103544087
909903542383
909903547034
909103556466
909103560879
909103562554
909103563326
909103568600
909103573500
909103588188
909153597290
909103590629
909103591422
909103595368
909103596975
909103590134
909103595823
909103601728
909103608545
909103602511
909103603352
909103619837
909103618148
909103614210
909103620415
909103624831
909103623395
909903623753
909103632383
909103640426
909103643955
909103644542
909133656581
909133659508
909903668458
909903675294
909133689543
909133696974
909133708756
909143725255
909903740625
909133759761
909133765433
909133883800
909133882440
909133886630
909173891587
909173893519
909173894457
909173892652
909903949396
909173958054
909113968094
909903972218
909103989608
909103987307
909103986233
909103991733
909103994353
909103995523
909903997320
909903991971
909903995008
909154006441
909154003750
909164009871
909164008515
909164008018
909164008392
909164007946
909144000517
909144008014
909154018206
909154013180
909164017003
909164017852
909164017913
909144019058
909144010387
909154024328
909154025604
909154028934
909134026085
909164027874
909164022749
909164028847
909144025441
909164036835
909144031183
909164046471
909164049466
909164045125
909164044970
909144047709
909154052796
909164055620
909174057274
909174053694
909164050287
909174053652
909144053125
909144050784
909154067969
909154065515
909174068431
909174068026
909164062337
909174068660
909174061508
909164068221
909164061207
909174068938
909164063463
909154075707
909174077908
909164078724
909164079023
909164070086
909154087538
909154084622
909134080175
909174080378
909164087040
909904085317
909174085610
909174084804
909164087391
909164088269
909904089074
909144089466
909944097458
909944090225
909134097754
909174092321
909174094681
909164099526
909164093730
909174094112
909164099879
909144094976
909164108216
909164109725
909144103298
909144103135
909944117559
909134116939
909164110443
909174113143
909164116570
909174118229
909174113258
909174119788
909174115956
909174110878
909164117719
909154127296
909154122639
909154129471
909154124112
909154121336
909174123543
909174125145
909164127741
909164121568
909174125942
909164123418
909164127685
909164123904
909164120112
909174126186
909144124265
909154130153
909154139105
909174133956
909174135043
909164131361
909164135345
909164146397
909164142054
909164143052
909164149184
909164148605
909154150572
909154156345
909154154474
909174158963
909144157200
909144158772
909154164755
909174164409
909164164951
909174162705
909174164718
909164168710
909174162579
909174173562
909174177321
909174178188
909144170853
909154181108
909154183290
909154185741
909944192069
909154209574
909154209205
909154207354
909154203449
909154202615
909154204497
909154216630
909154210806
909944228249
909944224012
909154223605
909154222686
909134226521
909154238347
909154230052
909174238709
909174238904
909174237803
909174237876
909174237180
909174234560
909174234339
909154248276
909134249025
909134246137
909174242631
909174241887
909174243746
909174245089
909174246245
909174241187
909174255722
909174254746
909174259627
909174250987
909174265986
909174263284
909174261504
909174263765
909944275371
909944270461
909944277419
909174270070
909944279130
909144279030
909154284116
909154285707
909154280218
909944287383
909174287752
909174287479
909174285527
909154299046
909944296318
909174297883
909174291868
909174297330
909174299512
909174292694
909174296298
909174295781
909134304192
909174309363
909174308782
909174312409
909174319124
909174315192
909174329679
909174324229
909944337416
909174330872
909154354116
909154357026
909154358922
909144351101
909144359585
909944370213
909174375429
909164392342
909164399209
909164399320
909174395928
909174392260
909154407233
909154407920
909154402038
909164400278
909164408044
909164401447
909164403814
909154418153
909164417693
909164417157
909174418261
909164418151
909164411507
909174415063
909164410795
909154420845
909154424626
909164422466
909164425716
909164429769
909154438568
909164436658
909164433816
909164434572
909164436573
909174432969
909174437535
909154441149
909154448036
909154448614
909174444397
909174445717
909174441196
909174449964
909154452638
909174451401
909174459683
909164450192
909164456049
909164456319
909174450483
909174451491
909164455764
909164451570
909164456027
909154466920
909154460269
909154463320
909904466586
909164467768
909174460230
909164467647
909174464064
909154470959
909164475838
909164472410
909904486589
909164484626
909164483748
909164489847
909154498960
909154492618
909154491208
909154495296
909164494914
909174497334
909164509937
909164508511
909164501447
909174508938
909164507743
909164510191
909164518387
909174514210
909164510355
909164518969
909164514904
909164513976
909904524060
909164525966
909174528191
909164527511
909174528468
909164539454
909174536729
909164535982
909174530878
909164531943
909174530082
909164536439
909174543272
909174549146
909174546239
909164541339
909174548703
909164542193
909164544711
909164548795
909164541142
909164553346
909164551767
909164553290
909164552754
909164550759
909164550203
909174552110
909174553968
909164569369
909164563968
909164569861
909174562986
909164578608
909164572517
909164577871
909164574278
909164573081
909914571044
909164579815
909904579186
909904576383
909904576462
909904576242
909164588430
909164585609
909904589497
909904594305
909904600169
909164609509
909164606976
909164604417
909164605635
909164606301
909164608748
909164619370
909134628576
909164625185
909164628232
909164627258
909164635435
909164637106
909164634284
909164644148
909164646876
909164642823
909164649598
909904690543
909904707781
909154710841
909154716771
909134717647
909134717241
909134715122
909134715905
909144715405
909154720718
909154725108
909154732033
909174738326
909174732721
909174738583
909174733619
909174738684
909174735712
909174737345
909174739081
909174735674
909174737235
909154748349
909174748058
909154751912
909154755872
909174752842
909174757580
909174768442
909174767445
909174769905
909174770697
909174772410
909174771295
909174773714
909154783205
909154785895
909154789464
909154785296
909154789284
909154785398
909174780007
909174799751
909154807696
909904807159
909154802805
909174800041
909174800851
909154822563
909174820841
909174821386
909904824895
909154836827
909174833071
909174839516
909154841996
909154842148
909154842362
909154842071
909174840190
909174849529
909174841801
909174840661
909154852969
909174850710
909164855543
909174856824
909174852629
909164858803
909154869910
909154861704
909164860953
909174860746
909164860345
909174868367
909154878550
909154872532
909154876857
909164873206
909164875967
909164870183
909174876934
909174879314
909164874348
909174877036
909154884406
909174883816
909164886208
909164886212
909174882357
909174886519
909164886696
909174889185
909164897985
909164895019
909164892176
909164898036
909164898633
909904902441
909164904633
909904906887
909164909304
909174910457
909174913771
909164910486
909164911242
909174920994
909164929750
909174928106
909174925372
909174928591
909174923307
909164929356
909174922050
909164923352
909174927206
909174932563
909164946276
909164950027
909164956859
909164956605
909904973891
909904998340
909904998374
909155005954
909175008615
909145002957
909155014189
909175010702
909145015487
909145019857
909145017646
909145017672
909175027120
909145032569
909145035791
909145030784
909145037673
909905042351
909145047037
909145048247
909145040551
909145040127
909155057709
909145054211
909145058330
909145059725
909145055973
909145069440
909145069172
909155087767
909155098433
909905119719
909155121704
909155133180
909155133320
909175137223
909175137533
909155145530
909155146522
909175142294
909175140017
909175140567
909175141082
909155164170
909905186880
909155209103
909905207420
909155220255
909155224817
909905251542
909135290135
909175302330
909175306286
909175317747
909175316949
909175323879
909175326101
909175329509
909135331430
909135336634
909175330394
909175335245
909175337243
909175330052
909135345281
909175342458
909175349288
909175349760
909135357940
909135357565
909135359686
909175353939
909175355393
909175351236
909175361578
909175366733
909175363341
909175368432
909175364315
909175373305
909175378751
909175372107
909175379218
909175371028
909175373392
909175377361
909175379637
909175374350
909175389230
909175387906
909145387490
909175396374
909175396131
909175395600
909175398655
909175393089
909135435816
909135431191
909135434399
909135431704
909135439730
909135430449
909135440767
909135447050
909135449704
909135442694
909135455312
909135461196
909135469112
909135467588
909135466485
909135461163
909135470616
909135479149
909135499028
909135493174
909135491362
909135498647
909905503913
909135508992
909135508342
909135509868
909905504083
909135502714
909135509055
909905506605
909905505686
909135515186
909135518449
909135511153
909135516810
909135510215
909105526571
909135528927
909135525960
909105538994
909135538225
909135530516
909135530927
909105549421
909105541534
909135549438
909135543134
909135543423
909135547386
909135557109
909135553072
909175552243
909175555921
909175554921
909105561943
909105566582
909135563436
909135568048
909135562416
909135569667
909135569730
909135565994
909905566313
909175564930
909175563792
909175568972
909175567805
909175566121
909175562242
909175568704
909155572119
909155579040
909105573822
909155570464
909135575870
909135573370
909135573123
909135573422
909175578507
909175573348
909175573739
909175571391
909175579096
909175570726
909105583107
909135588353
909135583680
909135580716
909135588332
909175587912
909175583274
909175588892
909175582130
909175580114
909105599088
909155595011
909135592344
909175592569
909175593698
909175597253
909175593864
909175597482
909105607098
909105601379
909135602717
909135601060
909135608993
909135603172
909135602127
909105618792
909135615652
909135619919
909135618773
909135614048
909135611665
909175617317
909175613945
909175617396
909105626769
909135625466
909135620364
909135622046
909175621203
909175624973
909175629226
909175624226
909175620531
909105639941
909135636109
909135638637
909135631494
909135639349
909135639475
909175635127
909175639219
909175632521
909175634701
909175635909
909175632582
909105643188
909105641320
909105649217
909905647302
909105647902
909135647079
909135640750
909135642451
909175645159
909105657411
909105655746
909105659965
909105652331
909135657806
909135650140
909135656246
909175658166
909175656606
909175652815
909145653531
909145658726
909105663429
909105663499
909105663825
909105669610
909135665613
909175662632
909175664326
909175660460
909175660315
909145667820
909105672606
909105675405
909135672881
909135678828
909135678743
909135672337
909175675546
909175679023
909175674582
909175671925
909175673406
909175670429
909145675734
909145679981
909145676717
909105686347
909105683730
909135682448
909135682617
909175682469
909175686856
909175685681
909145689570
909145683613
909145685874
909145689785
909145681220
909145688599
909105696458
909105692232
909105690541
909135693403
909135698188
909135692794
909135699581
909145694650
909145696992
909145696652
909105703840
909105704201
909135704131
909135704853
909135708010
909135705155
909145702847
909145703459
909145705849
909905716040
909105718544
909105714109
909905719480
909105716108
909135717184
909135710841
909905712066
909145719420
909145713305
909145718935
909145715892
909145713763
909105724624
909135721540
909135722684
909135729724
909135727694
909135720138
909145726880
909135730962
909135738318
909145739439
909145733756
909105748684
909105746582
909145745732
909145746944
909145749051
909145743018
909145747685
909905742739
909105757427
909905758744
909135756310
909135753543
909135751895
909135751727
909135753689
909145756341
909145750196
909145756624
909145756830
909145752127
909145757932
909105763966
909105763770
909135769047
909145766813
909145761098
909105774827
909105776828
909105771434
909145774067
909145773760
909145777724
909145777782
909145777573
909145772250
909145774616
909145770253
909145774559
909105783944
909105780186
909105785594
909105782533
909145784742
909145785382
909145797310
909145790498
909145796492
909145799284
909145804167
909145803498
909145809723
909175818374
909175815584
909175811341
909145815621
909175828317
909175827426
909175829401
909145821911
909145829112
909145822744
909175839845
909175836325
909145832733
909905842748
909175840658
909175844213
909175846706
909175844539
909905843887
909175843068
909145848801
909145840992
909145846710
909145841859
909175857684
909175858914
909175850152
909175859388
909175851894
909145864572
909145870238
909145876815
909145879547
909175888870
909175883341
909145883972
909175899737
909175890649
909175899772
909175898665
909175896254
909175894875
909175897429
909145893820
909145897645
909145899816
909145891989
909905904571
909905902088
909175910686
909135944237
909135945431
909135942376
909135947342
909135946287
909135946646
909135959633
909135951570
909135957661
909135957516
909135954618
909135955691
909135964265
909135961228
909905976343
909175989859
909175986509
909905987415
909175985778
909905997370
909175992361
909175992845
909175991503
909175991355
909156009656
909156002741
909136001653
909176001168
909176009917
909156014169
909156010279
909136013831
909176010967
909176018904
909176018993
909136027466
909136023347
909136026579
909136029703
909136022964
909176024129
909176026251
909176021040
909176023349
909136031737
909176032105
909176034609
909176031855
909176055879
909176055137
909176057615
909176050306
909176061565
909176065217
909176067860
909176068921
909176065037
909176065370
909176069288
909176061294
909176071056
909176070380
909176085366
909176086804
909176082547
909176092987
909176094452
909176097311
909176096745
909176093091
909176108425
909176108762
909156112342
909156117511
909176111044
909146118400
909156120865
909156126348
909156129786
909906125163
909906128904
909146126779
909146126597
909156138652
909156132694
909176137817
909176133956
909146138977
909146139025
909146136216
909146135139
909156140052
909156140443
909156142880
909156145307
909176144661
909176144247
909176148277
909146143836
909146147430
909146143396
909146145694
909146145596
909146142199
909146147746
909146142753
909156154782
909156152635
909156153068
909176156220
909176153965
909176154196
909176159244
909906151239
909176150563
909146158991
909146156385
909146156589
909146158674
909176169877
909176165183
909176165405
909176161392
909156174812
909156171505
909906171504
909176176894
909176173498
909146176284
909146172372
909146170501
909156182966
909156183192
909906180341
909176183445
909176182511
909176185184
909176182398
909156193812
909156194583
909906197490
909906194595
909176194365
909176199514
909176199458
909156204801
909176202493
909176203547
909156217098
909156222856
909156228546
909156222420
909156238858
909906249590
909156253924
909906255802
909906257735
909156260156
909156265321
909156264171
909906263649
909906260416
909906266538
909136276654
909136277126
909156289158
909156280357
909156285408
909906289745
909156280781
909136289360
909136283352
909906291172
909906291282
909136299218
909136294297
909136293767
909136298277
909136298610
909136293093
909146298639
909146291578
909906302485
909136303648
909136304989
909136307420
909136303015
909176307911
909176309517
909176307542
909176303659
909176302939
909176309088
909176308919
909146303122
909146309107
909146306608
909906315021
909176313907
909176318440
909176313615
909176314610
909176313183
909176316593
909176322904
909176320674
909176324235
909176325065
909176325467
909176327267
909176322321
909176335535
909176330947
909176339847
909176339845
909176344724
909176344219
909176342963
909176346982
909176355276
909176359848
909176353247
909906353146
909906358487
909176365652
909176368280
909176361850
909176367472
909176363469
909906362192
909176376747
909176372049
909176372799
909176375137
909176375541
909176388122
909176384656
909176388423
909176385634
909176386947
909176381236
909176397349
909176396991
909116405068
909136400240
909136404772
909136403906
909136408289
909106403217
909136406919
909136405749
909176402309
909176409050
909176404854
909176408432
909176409667
909176407853
909176406053
909146402389
909146401490
909146402582
909146409160
909146406744
909146405291
909136411041
909176412346
909176419733
909176417244
909146418677
909146416801
909146411477
909146411675
909146416044
909136425008
909136426562
909136428144
909136421801
909146422326
909146422680
909906427524
909146426682
909136430772
909136432028
909146436305
909906444717
909136440917
909136449466
909146445505
909146441481
909136459826
909906454496
909136459280
909146451044
909146459061
909146453941
909146459245
909146459947
909146459054
909146452172
909146459332
909146454118
909136464835
909136463004
909136469081
909146464729
909156473390
909156475427
909156470293
909136474598
909146473605
909146475620
909146479631
909906487364
909156480027
909136485481
909146483383
909146489816
909156494493
909156498631
909136497418
909906498731
909146495185
909906498533
909156509342
909156503568
909156501696
909156505261
909176504773
909176502432
909146508254
909146508713
909156514229
909156510264
909146515964
909146510141
909146518816
909156528741
909146523477
909146527112
909156535184
909156531559
909156539221
909156534900
909136530344
909146537811
909146534307
909156547982
909156542931
909156540824
909156543317
909146546691
909146540425
909146547519
909146543276
909156550775
909156554065
909136551957
909146557943
909146551978
909146559068
909146552546
909146557827
909156560609
909156566120
909146567565
909146562271
909146561715
909156577325
909136573438
909176579622
909176570317
909176571077
909176573022
909146579514
909146579597
909156588308
909156580045
909156586548
909156590482
909906592619
909156606765
909156606570
909146602113
909156616148
909156613293
909156614325
909146617470
909146614906
909156626678
909156629420
909156623835
909146638815
909146653109
909146679452
909146670561
909176701203
909906712837
909906713752
909906722209
909906731320
909906737796
909906736469
909906736427
909176744516
909176747368
909176745923
909176751463
909176750280
909906752502
909176759087
909906754870
909176759479
909176755438
909176764655
909176767143
909176766918
909176765413
909176775531
909176786335
909136808818
909136819471
909136813546
909136817223
909136825921
909136824329
909136823690
909136829306
909156833662
909156838576
909136832942
909136830273
909136830640
909136837908
909136836502
909156849859
909156841248
909136840687
909136848906
909176844208
909176848806
909176841675
909156853954
909136853267
909136852132
909136853655
909136850677
909176857787
909176854307
909176855642
909146856469
909146854675
909146854027
909156869458
909136869804
909136862671
909136868513
909176868162
909176867672
909176861770
909176860018
909156872310
909156874418
909156875704
909136878189
909176871369
909146876978
909146872166
909156883548
909156883449
909136884419
909176883790
909176887591
909146887276
909156896755
909136893741
909136897765
909136895716
909136892643
909136890896
909136892376
909176892896
909176893410
909176891191
909176890949
909146893641
909136908067
909136906281
909136909317
909176909139
909176904642
909176902544
909146906102
909146906893
909146903035
909146902241
909146906503
909146906785
909156914584
909156913397
909136912657
909906911552
909146912553
909146910937
909146919219
909146919816
909156928626
909136925298
909136925242
909146928711
909146923094
909146924984
909146924252
909146921091
909156931242
909156933607
909136931047
909136935023
909136939117
909136934652
909136936271
909136936406
909156941405
909156944577
909156949398
909156944125
909136949830
909136943596
909136945028
909136949058
909136946673
909146945928
909146941403
909156956536
909156957294
909156950989
909156952388
909156956477
909136953397
909176953868
909176954686
909176958875
909176952208
909156965621
909136966511
909136961094
909176964798
909176966577
909176961440
909176968358
909146962879
909146961255
909146968452
909146966797
909156979862
909156972952
909136976182
909906975930
909136972509
909176972531
909176977183
909176975752
909176979820
909176972779
909146979058
909146975192
909146970017
909146977566
909906978522
909146972549
909156982116
909156989654
909136984783
909136982056
909906981943
909146982567
909146986187
909146988464
909906990250
909146996781
909146990779
909146992335
909907007702
909157007248
909157002045
909907002429
909907004457
909907004580
909177009134
909907011404
909157023346
909157026241
909907022249
909907025056
909907024473
909907022689
909907020937
909907022094
909177026652
909177026241
909177021969
909157035247
909907033643
909907036197
909157047097
909907045582
909907040464
909177044258
909157054609
909157057628
909157055136
909907055064
909177059279
909177058236
909157062487
909907067907
909157071460
909157073466
909157075413
909907078495
909177073202
909907081044
909907084922
909907085193
909907084978
909907085108
909907081902
909177089377
909157097248
909907099353
909157092287
909137096502
909137093090
909137094631
909907094061
909177097801
909137100920
909137103392
909137100785
909907104432
909907101216
909907102745
909137104401
909907107353
909907112911
909907119351
909137110441
909137127434
909137123917
909907120248
909907120402
909137120199
909137126385
909137125713
909137127025
909137127684
909907124868
909907123455
909907132565
909157145807
909907143734
909177147628
909157150325
909907150831
909907156188
909137154369
909137150039
909137156129
909907151379
909177152909
909177155652
909177154559
909137163246
909907165204
909137166690
909907165647
909907168237
909137164678
909177178659
909907186989
909177181737
909907193505
909177196098
909177197197
909177190528
909177194310
909907206014
909177207741
909907206626
909907217678
909907271489
909907270038
909137271431
909137270128
909907277572
909147302505
909147309579
909147307258
909147306479
909147315364
909147313097
909147318648
909147315920
909147329530
909147320954
909147322261
909147328346
909147334271
909147332263
909147335274
909157345793
909147347426
909157352548
909157352054
909147350013
909147354174
909147358216
909157364761
909137361703
909137360685
909147360802
909147362196
909147362913
909157377210
909137371040
909147378734
909147378422
909147376251
909137386071
909137381308
909137389164
909137385796
909147384957
909147387090
909147384906
909157398538
909137398745
909907393846
909137393114
909137394378
909137392943
909137392450
909147392641
909147390369
909137404508
909137407600
909147402230
909147409179
909147401378
909137416156
909907422910
909907420523
909907425412
909907433328
909907437167
909137456294
909917453562
909137502413
909137502598
909137502852
909137500299
909137508835
909137506541
909137531872
909907538840
909137544110
909147565978
909917576588
909147570295
909147579655
909157586628
909907585112
909147580574
909147587041
909147585718
909157598214
909147594698
909147597198
909147599035
909147595528
909147592315
909147598914
909147604865
909107612386
909147613545
909147620893
909147629870
909147624765
909147622948
909157634099
909147634964
909147635905
909147634398
909147632328
909147648199
909147641674
909147640364
909157667094
909907662751
909147664464
909147666601
909147676954
909147675754
909147676552
909147670913
909147691012
909147706583
909147700689
909147704643
909147716281
909147713586
909147727586
909147727640
909147721028
909147727913
909147734110
909147730769
909147730683
909147730552
909147730047
909147732987
909907744851
909907752502
909147751184
909147764550
909147773495
909147777611
909147784679
909147784202
909147780462
909907799147
909147792308
909147799203
909147795246
909907808464
909907809550
909137800960
909147808108
909147818130
909147815932
909147817215
909147819098
909907829983
909907822688
909107831401
909907835855
909907831671
909177833250
909147833816
909147838823
909147831651
909907846474
909147843038
909907852592
909147850529
909137869068
909137862863
909137869231
909137863120
909137861125
909137868643
909137865515
909137869861
909137868601
909147867488
909147860803
909137870921
909137870497
909147878682
909147870106
909147871014
909147878364
909147874009
909147872646
909137887147
909137880470
909137882003
909137880369
909177887952
909907882506
909147880862
909147882693
909157894906
909157893517
909157899202
909137893262
909137891792
909147896803
909147892123
909147899135
909147894055
909157903702
909137904801
909137900694
909137903264
909907905242
909137912437
909137911726
909137914566
909137912454
909137918928
909137928595
909137922838
909137929261
909907939078
909137949556
909137945297
909137947761
909137958776
909137950724
909137952268
909137956628
909137963861
909917965431
909157978818
909157971905
909157970032
909157973027
909157989237
909137981637
909137982756
909137984471
909137984290
909907989359
909137992612
909137993174
909907992283
909158005669
909138003012
909138009330
909178000398
909178001491
909158011689
909158016227
909158015674
909158016469
909158016360
909158018853
909158014006
909158016816
909178012580
909178015394
909178017545
909158020400
909158027629
909158021192
909178028253
909148027658
909148027316
909118039985
909158034809
909178039414
909178031282
909178037645
909178035681
909178037017
909148039845
909148036811
909148033644
909158040518
909908047827
909908048291
909908043502
909138041560
909908047713
909138044569
909178044582
909908046443
909158054576
909908055695
909908051293
909138058478
909908054658
909138051737
909178059409
909148059044
909148058929
909158060993
909158069658
909908066729
909158067463
909138064363
909138061692
909908065426
909178060499
909178066860
909178062608
909178060070
909178063558
909148067165
909148065032
909148065089
909148069402
909148060792
909158071278
909158073011
909908073401
909158072484
909908072100
909138079420
909138073254
909178073077
909158088911
909158084643
909158083926
909158085918
909138088602
909138080560
909178086495
909178081450
909178081505
909158097291
909908090691
909138096980
909138095692
909178099930
909178092687
909158109861
909158106850
909158106280
909158105998
909138100800
909178107724
909178103836
909138116530
909138116849
909178113361
909178111575
909178117793
909138122806
909178126756
909178128561
909148129781
909148122656
909148123843
909148126521
909158131035
909178137486
909178132620
909148133570
909148137611
909158140577
909138146388
909178140230
909178146062
909148149340
909148143512
909158159268
909908156696
909158159198
909158156197
909158152346
909908154750
909138151281
909908157458
909148159853
909158161788
909158162245
909158163345
909908167033
909138163890
909138169505
909178165404
909178162598
909178168968
909158178012
909158176526
909138176870
909908178069
909178174542
909178175095
909138181798
909908189604
909908185310
909908194783
909158191854
909158194161
909138198418
909138191393
909138199846
909158205699
909908207183
909138209571
909138201981
909908200421
909908202604
909908208695
909908209474
909178208032
909158214491
909158216724
909158217042
909158214864
909158224377
909158221302
909908220837
909908222496
909158236231
909158232941
909158239046
909908231152
909908235439
909908245526
909158240576
909158243533
909138249946
909138240323
909908247184
909138243467
909158251176
909158259114
909158251809
909138257118
909178253235
909178252710
909158261101
909158264975
909158265038
909148268286
909148264985
909908261659
909148262872
909158272087
909908278240
909158277564
909158274759
909158279509
909908270517
909138272535
909138271029
909138277760
909138273348
909138277497
909138279546
909178275093
909178270381
909138281511
909138287616
909138282089
909138288184
909138287461
909138280565
909138293969
909138293684
909908290844
909148295046
909158312446
909158335369
909138338798
909138335459
909178332337
909138348288
909138347948
909178348952
909158365308
909178364103
909178363254
909178369046
909178361748
909178378762
909178376606
909178383900
909178383589
909178384661
909908380603
909178388083
909178389969
909138394298
909138397338
909178391270
909148411448
909148410630
909148444108
909148441973
909148442721
909148449435
909908450527
909148455238
909148456154
909148463590
909148466620
909178476347
909178478982
909908483966
909908484165
909178481575
909178489920
909178481093
909178481705
909178493609
909178494122
909178503364
909148519408
909148515996
909158529024
909158521318
909158525160
909178528442
909148524609
909148522549
909148524909
909158531620
909178534010
909178537487
909178549160
909908556408
909178555573
909178556620
909178551008
909178559280
909178555700
909178550251
909178564644
909178560340
909908562948
909158572495
909158576426
909178574629
909178577920
909178576983
909178571568
909178570313
909158580364
909908580594
909178587952
909178589446
909178581665
909158593657
909158597124
909158592787
909908591196
909148600449
909148602879
909118635727
909908631760
909138648946
909138644650
909138640281
909138649801
909148642763
909148644582
909148648568
909148649169
909138659536
909138657268
909138659044
909138659561
909138651944
909138656758
909148658782
909148664069
909148668695
909148668616
909148661949
909148666539
909138673274
909918679734
909148670200
909908683641
909138688695
909178684660
909908692709
909908691272
909178698603
909158705683
909908702307
909138705408
909138701402
909138709691
909138702193
909178701721
909908715183
909138717651
909158726484
909158727098
909908728359
909908723186
909138729007
909138727572
909138720572
909138722948
909138738864
909138730941
909138731853
909908748446
909138745064
909138744409
909138741675
909138742123
909908745526
909148744405
909148743503
909138753006
909908754965
909908750227
909908756539
909138765437
909138763266
909148769810
909138779649
909138771267
909178770965
909178779778
909178771097
909138789574
909908780603
909138785326
909138788115
909178787607
909178782488
909908781637
909178783204
909178784608
909908787645
909158799835
909158799881
909158794750
909908795571
909158806223
909908814207
909908818351
909908829135
909178820718
909158832690
909908833631
909908833866
909908836356
909178831670
909908841106
909178843798
909178842800
909178847916
909918850930
909178852520
909178856068
909178865746
909178867738
909178862896
909178867864
909148867902
909148873468
909148873163
909148879244
909148885834
909108898712
909138892085
909138897155
909138898516
909158901121
909138907742
909138906089
909148906404
909148905124
909148901967
909158911446
909158916911
909908917325
909178914244
909178917724
909148919763
909148919429
909908922704
909158920946
909138923379
909908924823
909908925490
909148924009
909158937406
909138936131
909908936353
909138936102
909178935373
909178938966
909178938161
909178939945
909178939427
909178937968
909148933557
909148932599
909158941236
909158948640
909178942873
909178948656
909178947618
909178942507
909148947923
909158951507
909158950995
909178956384
909178952489
909148950701
909148956140
909148955164
909148956284
909158968410
909158964076
909158968775
909158964077
909158964438
909158961641
909178963267
909178965862
909178960058
909148969258
909148962733
909148967516
909148967305
909148965917
909148965877
909148966232
909158975950
909158970525
909158977600
909138977302
909138976738
909148974058
909158980281
909158980895
909138982179
909138981955
909178987019
909148983242
909148985305
909148987795
909148980415
909138999391
909138992308
909138993690
909178994591
909148991214
909159006212
909139008135
909139002303
909149000553
909149002094
909159010189
909159015473
909139015695
909149019965
909159024319
909139026367
909149024482
909159036166
909159038879
909139036561
909139031572
909139031074
909149034237
909149039142
909149038379
909149032832
909159048923
909159041077
909159043146
909159048412
909159049155
909139044794
909139043514
909149049301
909149040697
909159054819
909139056079
909139057335
909149058713
909159062482
909159062746
909139068432
909909067151
909139062734
909149069760
909149064794
909159071587
909159084378
909159088732
909139088486
909139087768
909139089805
909139084011
909139081232
909139084971
909149080591
909149085950
909139092469
909179095452
909179093960
909149095478
909149093652
909159102095
909179103659
909179108805
909179104001
909179107625
909179109653
909149103157
909159113590
909179119035
909159129581
909159120490
909139126907
909139123173
909159138682
909909132685
909179130261
909149134574
909139145953
909139144854
909159150920
909159157407
909139151106
909139154991
909139155617
909179153142
909179158358
909149150543
909909163896
909159167133
909179167336
909179168837
909179164024
909179168370
909149169662
909149165190
909159174473
909159179164
909139179453
909139179663
909139178287
909149172683
909149171638
909909174984
909149179874
909159180037
909139184437
909139186356
909139188531
909139186046
909179187748
909139198632
909139197601
909139199098
909179193007
909149191007
909179203948
909159218772
909149215836
909139227726
909159230970
909159230757
909909236121
909909233572
909159246105
909159245821
909179248952
909179248732
909179243074
909159258513
909159256523
909159257853
909909252571
909179253138
909179253184
909179258934
909909259265
909149259376
909139267101
909139264345
909139264418
909179261675
909139276684
909139274654
909139271650
909139270054
909139279423
909139283763
909139287660
909159292632
909139297891
909139292776
909139295374
909139299396
909139295933
909149308374
909109312328
909139315825
909139321081
909179336259
909179330876
909179354782
909179359012
909139364512
909909456493
909909510751
909159528468
909909527403
909179528377
909909547596
909909544786
909909544626
909909587029
909139588695
909139585653
909909586294
909139591136
909909596521
909139600507
909909629920
909179635791
909909637661
909139640526
909909641399
909139645049
909139654992
909139651805
909909663907
909909660142
909909674807
909179675384
909179678430
909179688809
909909682474
909179688065
909909684414
909909685409
909909685260
909909685389
909179696204
909179697842
909909701847
909909709507
909909719580
909159735279
909909738101
909159736197
909159737238
909159742328
909909744485
909159767471
909159765723
909179794409
909179805108
909179809529
909179808287
909179808392
909159816392
909909855575
909909864187
909179866683
909179866852
909179860212
909909883905
909909924289
909159924661
909159920209
909909926091
909159925735
909159921861
909909920478
909909928389
909909926010
909909928400
909149928065
909909941387
909909946525
909909944039
909909944980
909909940639
909149944486
909909951149
909909953846
909909952118
909909952239
909149954454
909159965993
909909967094
909159960103
909909965621
909179965791
909149960947
909909978060
909909976290
909909976052
909909977907
909909976679
909179982083
909179987855
909179986147
909179986838
909179982480
909179987737
